0.02843346725
