0.01550476725
