0.26993086725
