0.02070656725
